# freq,freq_err,ampl,ampl_err,phase,phase_err,SNR
7.359533428 0.000000143 3193.126721131 1.616690835 0.307295474 0.000506303 1135.559786768
6.525005160 0.000000196 2331.877315891 1.616690835 0.394783501 0.000693300 878.133847570
6.350931303 0.000000249 1835.571067757 1.616690835 -1.592538627 0.000880756 702.803385701
6.867001068 0.000000479 952.832422292 1.616690835 1.638075711 0.001696721 337.382854864
6.696822625 0.000000624 731.822014470 1.616690835 2.713164727 0.002209131 268.337930435
7.189220901 0.000000847 539.239354507 1.616690835 0.850842712 0.002998095 185.853862063
8.966778642 0.000001312 348.184839345 1.616690835 0.028011129 0.004643197 85.175898380
6.463398887 0.000001295 352.778370706 1.616690835 -0.506713281 0.004582738 133.863162222
7.100921889 0.000001426 320.339875610 1.616690835 -0.347353711 0.005046799 110.849203156
7.953451720 0.000001738 262.875626963 1.616690835 -2.472975912 0.006150022 112.459086491
6.682869087 0.000001980 230.720660192 1.616690835 -1.004467562 0.007007135 85.621731298
6.292837828 0.000001992 229.339020221 1.616690835 1.619757279 0.007049349 88.096698745
1.355068567 0.000001987 229.829025140 1.616690835 -2.533372535 0.007034320 46.159324598
6.118117227 0.000002088 218.728669457 1.616690835 -1.443191638 0.007391307 83.641223461
7.360062363 0.000002000 228.423017636 1.616690835 2.037066557 0.007077618 81.229453678
7.475979865 0.000002496 183.013759121 1.616690835 1.262408094 0.008833712 64.635159428
7.647015835 0.000002739 166.730977388 1.616690835 2.970526258 0.009696404 62.517722000
6.630651606 0.000002691 169.763663184 1.616690835 1.496540944 0.009523185 63.002555578
8.970431099 0.000002433 187.758003229 1.616690835 -3.117641399 0.008610503 45.913370895
1.609723303 0.000002904 157.272700943 1.616690835 -2.152812013 0.010279539 35.725286910
14.719068377 0.000003490 130.888420925 1.616690835 2.189819998 0.012351672 65.575692774
12.875943461 0.000003885 117.559098489 1.616690835 -3.085435538 0.013752154 34.946235944
8.966216133 0.000003033 150.608167280 1.616690835 1.179344465 0.010734417 36.841913292
0.287467058 0.000004101 111.364039359 1.616690835 0.628950456 0.014517171 12.660886495
3.642091024 0.000005312 85.988991255 1.616690835 2.463574667 0.018801137 20.873483422
1.637314657 0.000004929 92.673117676 1.616690835 -2.969076265 0.017445090 21.255453760
7.358006126 0.000004389 104.061068235 1.616690835 1.106696565 0.015535982 37.024025289
7.779724386 0.000004875 93.690686060 1.616690835 -0.947985403 0.017255620 37.313839515
3.445953031 0.000006419 71.150340946 1.616690835 -1.397946320 0.022722180 17.257426860
1.192514649 0.000005621 81.258106227 1.616690835 -2.295856557 0.019895748 15.061373830
0.545997359 0.000005633 81.080092882 1.616690835 -1.556239424 0.019939430 10.049803657
4.032024586 0.000006424 71.103125831 1.616690835 -0.369694330 0.022737268 19.634519986
1.610151417 0.000005498 83.073727186 1.616690835 -0.657194139 0.019460916 18.881071037
9.542503831 0.000006652 68.658970491 1.616690835 -1.636065806 0.023546680 14.902123573
10.034407497 0.000006832 66.853150858 1.616690835 -0.262568650 0.024182717 17.665649948
0.258647829 0.000006933 65.882131750 1.616690835 1.833837902 0.024539140 7.438242648
9.193096693 0.000007618 59.957045859 1.616690835 0.544536520 0.026964151 13.426515448
6.867150847 0.000003559 128.326258043 1.616690835 -0.281335201 0.012598285 45.438018726
2.985474796 0.000007316 62.433014898 1.616690835 -2.856720383 0.025894806 16.446103974
0.492464439 0.000008129 56.189518402 1.616690835 -1.142268791 0.028772107 6.795352415
13.047767335 0.000008564 53.332962698 1.616690835 -0.328585170 0.030313164 16.718474010
3.446510739 0.000007315 62.441086464 1.616690835 -2.746638460 0.025891459 15.144659436
8.996867288 0.000008602 53.096250525 1.616690835 1.917562883 0.030448305 12.921262582
13.000601107 0.000007987 57.183752823 1.616690835 1.300621222 0.028271856 17.754410384
0.815046628 0.000008165 55.938344396 1.616690835 -0.012757247 0.028901299 8.043172839
6.779120828 0.000008203 55.683381322 1.616690835 2.802833994 0.029033633 20.266072029
0.593940298 0.000007259 62.923487522 1.616690835 -1.487179008 0.025692963 7.951071728
0.385035426 0.000007711 59.231910713 1.616690835 1.485390019 0.027294254 6.932176396
3.625825980 0.000009890 46.181275137 1.616690835 2.031087537 0.035007497 11.158602478
7.358220093 0.000006673 68.446073239 1.616690835 -2.785020433 0.023619921 24.355097529
0.676829599 0.000008496 53.759555829 1.616690835 1.651373216 0.030072623 7.179319060
0.185191226 0.000009064 50.389627522 1.616690835 1.425174979 0.032083802 5.561172109
7.952919684 0.000008122 56.236845433 1.616690835 -1.030328401 0.028747893 24.053171528
8.971724740 0.000007340 62.230022019 1.616690835 0.424099978 0.025979275 15.206371582
12.814335799 0.000009390 48.642023928 1.616690835 -1.445997372 0.033236504 14.222381154
11.205866659 0.000010048 45.454604440 1.616690835 -2.000370374 0.035567152 13.985502154
13.540157283 0.000009333 48.936752278 1.616690835 0.373808293 0.033036333 17.839579783
9.195546144 0.000007543 60.549946776 1.616690835 -1.040151719 0.026700120 13.568725750
7.188945516 0.000005686 80.325121163 1.616690835 -3.131275684 0.020126840 27.674937293
12.401620937 0.000010295 44.365316118 1.616690835 -0.283528638 0.036440422 13.977148959
13.563118965 0.000009408 48.548011285 1.616690835 -0.472144211 0.033300866 17.541367086
9.789164559 0.000009584 47.655241946 1.616690835 2.724903889 0.033924722 11.398553975
0.107066549 0.000007163 63.763854400 1.616690835 2.646027988 0.025354346 6.917647435
7.706009711 0.000008671 52.673427788 1.616690835 -2.943984387 0.030692721 20.309872249
0.195400971 0.000008970 50.921177044 1.616690835 -0.182851457 0.031748890 5.639274350
8.813621636 0.000009439 48.387175381 1.616690835 -0.879681556 0.033411556 12.973574176
8.968791883 0.000012717 35.917111956 1.616690835 -0.690451851 0.045011716 8.784672111
3.061821569 0.000010212 44.727900474 1.616690835 1.461789166 0.036145020 11.731771036
2.674876210 0.000009614 47.508296598 1.616690835 -2.138911077 0.034029653 13.305382706
14.226550731 0.000009594 47.609738113 1.616690835 -2.831548530 0.033957146 19.362258343
14.747918071 0.000009752 46.834800349 1.616690835 1.060095392 0.034519008 23.978832137
3.640254131 0.000008158 55.988923983 1.616690835 -1.866068123 0.028875190 13.592248666
1.470473046 0.000009800 46.604899373 1.616690835 -2.777070235 0.034689289 9.982719730
3.449320105 0.000010029 45.541974522 1.616690835 1.769677442 0.035498918 11.049651005
0.843167820 0.000010504 43.481586970 1.616690835 -0.808715576 0.037181045 6.353795968
0.109223349 0.000011591 39.404067089 1.616690835 -0.464499246 0.041028527 4.271993494
12.876485977 0.000008996 50.775218033 1.616690835 1.472915707 0.031840155 15.096277920
6.229482465 0.000010604 43.074640770 1.616690835 -1.545071507 0.037532311 16.816951214
0.303810499 0.000010914 41.848345016 1.616690835 2.224260836 0.038632133 4.788393829
13.050018815 0.000010429 43.797157138 1.616690835 -1.467776198 0.036913146 13.765571788
13.221818082 0.000011314 40.371039181 1.616690835 2.138479166 0.040045807 13.142199098
3.627299724 0.000008971 50.913154956 1.616690835 0.699648645 0.031753892 12.302867649
3.642907973 0.000011099 41.152868807 1.616690835 -2.170390706 0.039285009 9.992928064
6.438247908 0.000010631 42.963442308 1.616690835 -1.647048977 0.037629453 16.508413980
14.781202170 0.000010600 43.089333160 1.616690835 -1.459243917 0.037519514 22.492001838
7.361403733 0.000010905 41.885865428 1.616690835 -1.377735952 0.038597527 14.901658387
6.591715030 0.000010987 41.572426939 1.616690835 -0.463596630 0.038888536 15.777623459
0.067343345 0.000011073 41.247807000 1.616690835 0.096376886 0.039194589 4.435936902
13.884521966 0.000011034 41.395203587 1.616690835 1.337751366 0.039055028 15.619536082
4.664267619 0.000010811 42.247364425 1.616690835 -2.057473687 0.038267259 15.059181564
7.717519548 0.000010714 42.630439997 1.616690835 -0.728246136 0.037923391 16.453585810
0.822373284 0.000011374 40.157279931 1.616690835 -1.427982872 0.040258973 5.799641278
12.795930055 0.000011499 39.721589452 1.616690835 2.175224690 0.040700557 11.593984464
0.270997732 0.000009775 46.727665426 1.616690835 -1.766464797 0.034598151 5.293748160
0.202598845 0.000009685 47.161091911 1.616690835 -2.898301486 0.034280182 5.237951015
8.970923550 0.000008087 56.482813080 1.616690835 -1.779334767 0.028622704 13.811717742
9.092469781 0.000009887 46.196595684 1.616690835 0.525629602 0.034995887 10.705385163
1.835964189 0.000010765 42.428032074 1.616690835 2.704489824 0.038104309 10.409637358
0.166119179 0.000011147 40.974645860 1.616690835 0.700171753 0.039455883 4.510647295
0.148904924 0.000012862 35.511552129 1.616690835 -0.712385572 0.045525772 3.881442404
0.467186380 0.000010165 44.932728679 1.616690835 -1.611369388 0.035980251 5.390556318
2.396296234 0.000011525 39.632214320 1.616690835 2.344849325 0.040792342 11.215430397
3.833088662 0.000011313 40.373801564 1.616690835 -0.839516655 0.040043067 10.051515165
3.819261767 0.000010530 43.377909621 1.616690835 3.002423570 0.037269911 10.729976000
6.683379185 0.000011359 40.211511675 1.616690835 -2.521938450 0.040204677 14.909089639
4.210734203 0.000013128 34.793083647 1.616690835 -2.653608174 0.046465868 10.382371061
0.090023036 0.000009690 47.136823510 1.616690835 0.914938332 0.034297832 5.096750896
0.062644315 0.000010008 45.639049925 1.616690835 0.170973500 0.035423411 4.902891147
0.118151057 0.000010981 41.595620759 1.616690835 1.305438027 0.038866852 4.514007937
0.228644953 0.000011742 38.897139362 1.616690835 -3.023847364 0.041563232 4.356136394
12.988343230 0.000011193 40.806023300 1.616690835 -0.003553739 0.039618926 12.592416644
6.696879930 0.000002590 176.379807710 1.616690835 -1.316579333 0.009165963 64.671577953
3.625410845 0.000008979 50.869780592 1.616690835 0.654992322 0.031780967 12.292347742
1.833477861 0.000011507 39.693582145 1.616690835 -1.958052931 0.040729275 9.738280727
4.851041036 0.000012443 36.706611950 1.616690835 -3.092016326 0.044043586 13.997139216
12.402145008 0.000011467 39.830612123 1.616690835 -1.540913750 0.040589154 12.550772205
0.097019672 0.000010396 43.936973983 1.616690835 -2.079039242 0.036795680 4.759191165
0.167751159 0.000012678 36.026094209 1.616690835 -2.341639019 0.044875551 3.970045222
14.042383785 0.000013157 34.714876087 1.616690835 0.585263029 0.046570549 13.193318603
0.248648097 0.000012706 35.948436215 1.616690835 -2.854594297 0.044972494 4.050231120
0.234695831 0.000012051 37.899901137 1.616690835 -0.875731764 0.042656862 4.251202690
13.000161024 0.000012370 36.925126333 1.616690835 -0.267833141 0.043782947 11.462884175
11.204963751 0.000013110 34.839635387 1.616690835 -0.529919679 0.046403782 10.721986055
1.012530056 0.000014305 31.928337175 1.616690835 2.994467359 0.050634984 5.274366524
0.465760358 0.000012037 37.945326042 1.616690835 2.407619919 0.042605796 4.549475047
3.639849595 0.000012205 37.423070872 1.616690835 2.909504770 0.043200379 9.084332620
3.041608740 0.000013550 33.709443638 1.616690835 1.848340073 0.047959582 8.865116025
0.276490424 0.000013880 32.907563758 1.616690835 -1.910860290 0.049128244 3.733174146
2.593078154 0.000014028 32.559113905 1.616690835 -0.248086636 0.049654018 9.143234039
12.753521974 0.000013537 33.740845122 1.616690835 3.082354770 0.047914948 9.851221508
0.091427688 0.000012266 37.235960832 1.616690835 -0.488674460 0.043417460 4.025651236
0.033228311 0.000013445 33.970608421 1.616690835 2.002209666 0.047590871 3.613486320
0.469646667 0.000013765 33.182100968 1.616690835 -2.048016337 0.048721774 3.983898319
3.835314851 0.000013745 33.231227521 1.616690835 2.406052273 0.048649748 8.276262714
14.951980234 0.000014437 31.636786902 1.616690835 1.119598449 0.051101613 17.663536970
0.579969024 0.000014450 31.609754667 1.616690835 1.188379011 0.051145314 3.981166269
6.525095178 0.000005070 90.086817275 1.616690835 -1.635141547 0.017945920 33.924016091
0.242534923 0.000011405 40.046456363 1.616690835 1.896585787 0.040370384 4.509834156
4.029914940 0.000013970 32.694057585 1.616690835 0.757009756 0.049449073 9.036765415
0.446291421 0.000013657 33.444210715 1.616690835 -2.526220331 0.048339931 3.977963243
0.115309235 0.000012486 36.580972827 1.616690835 0.116069242 0.044194856 3.966637848
0.073189961 0.000013328 34.269146500 1.616690835 -1.654548764 0.047176280 3.687553277
0.191256716 0.000013994 32.638002193 1.616690835 -3.108199619 0.049534001 3.608515118
0.209655699 0.000014089 32.418507215 1.616690835 -1.691088835 0.049869379 3.607429599
13.217823660 0.000014635 31.210438446 1.616690835 -1.220323741 0.051799684 10.157967662
0.354986418 0.000013155 34.721021093 1.616690835 2.605016093 0.046562307 4.037238539
0.016867366 0.000013817 33.057336927 1.616690835 -1.570638962 0.048905659 3.509477028
0.212535364 0.000012767 35.775573506 1.616690835 0.415735226 0.045189795 3.987587287
0.460553925 0.000016744 27.278307746 1.616690835 0.000384213 0.059266537 3.259604601
0.234159059 0.000013341 34.236995654 1.616690835 -3.003585420 0.047220581 3.840121977
0.370426680 0.000014789 30.885322201 1.616690835 -0.138771841 0.052344956 3.608919761
9.197106744 0.000011180 40.854742773 1.616690835 1.017182891 0.039571681 9.159273774
12.405025337 0.000014708 31.054781506 1.616690835 -2.077412497 0.052059321 9.783317954
9.194877023 0.000011518 39.656652760 1.616690835 -0.700662594 0.040767204 8.888260722
6.351465109 0.000015795 28.917274053 1.616690835 -3.126482586 0.055907442 11.067175655
9.568508793 0.000013040 35.027907837 1.616690835 1.861783544 0.046154365 7.585062240
0.491152370 0.000013637 33.492833962 1.616690835 -2.804559425 0.048269753 4.048396937
7.782834687 0.000014129 32.326021941 1.616690835 2.739251902 0.050012056 12.886486482
3.738523021 0.000014747 30.973337261 1.616690835 -0.400708267 0.052196211 7.536892805
3.821171082 0.000014479 31.545870302 1.616690835 -2.979871674 0.051248890 7.807057295
15.312985826 0.000015356 29.744688267 1.616690835 -0.594904194 0.054352253 19.370068268
4.221790123 0.000015066 30.316983682 1.616690835 -2.255470036 0.053326243 9.059901130
8.967693349 0.000009154 49.897163288 1.616690835 -2.305470443 0.032400456 12.205325582
8.965317512 0.000032291 14.144670148 1.616690835 -0.046388102 0.114296821 3.460872877
14.438131078 0.000015793 28.921012906 1.616690835 -0.355862757 0.055900215 12.401960450
7.304810433 0.000014916 30.622254048 1.616690835 -0.847812583 0.052794639 10.830902065
9.091797835 0.000012755 35.810450977 1.616690835 0.469856300 0.045145783 8.300216373
9.192132921 0.000014645 31.188726653 1.616690835 -1.518735696 0.051835744 6.980054351
10.061873138 0.000016244 28.118260940 1.616690835 2.978364409 0.057496118 7.540298266
0.071133155 0.000013257 34.454554316 1.616690835 -1.650338272 0.046922413 3.705509049
0.025907041 0.000015996 28.553375493 1.616690835 -1.975278106 0.056619955 3.031742080
7.780434973 0.000014766 30.933095926 1.616690835 0.548287310 0.052264113 12.329500918
9.954958182 0.000016537 27.620366465 1.616690835 -1.197882838 0.058532563 7.180228881
0.478407597 0.000015175 30.098465593 1.616690835 0.447522563 0.053713397 3.625781567
1.608669582 0.000011769 38.807943346 1.616690835 1.831557809 0.041658761 8.806120538
0.376172534 0.000016083 28.398980455 1.616690835 -2.997659360 0.056927777 3.320095187
0.340165394 0.000016413 27.827702907 1.616690835 1.257057542 0.058096453 3.219300763
0.408367008 0.000013853 32.972166124 1.616690835 2.832441802 0.049031987 3.868474169
0.548787375 0.000016274 28.067007008 1.616690835 -1.136354651 0.057601113 3.481079430
0.486340909 0.000016828 27.141828854 1.616690835 2.830026863 0.059564550 3.275849543
0.347589838 0.000017109 26.695838041 1.616690835 -1.913027929 0.060559658 3.093103760
0.126069913 0.000017095 26.718722242 1.616690835 2.504104453 0.060507790 2.908411537
12.756217631 0.000016441 27.780619406 1.616690835 -0.775756778 0.058194917 8.119252795
12.701878470 0.000016946 26.952603721 1.616690835 -1.649737661 0.059982733 7.842803023
0.525278337 0.000016517 27.653231545 1.616690835 -1.766680083 0.058462999 3.382539484
9.294025578 0.000017211 26.538187777 1.616690835 2.245915734 0.060919414 5.773773789
0.391841792 0.000016654 27.426577715 1.616690835 -0.513213809 0.058946138 3.209640193
8.738246094 0.000017070 26.757532431 1.616690835 -1.847177405 0.060420027 7.713834034
3.819635153 0.000015169 30.110617366 1.616690835 -1.614384168 0.053691720 7.448953183
9.567579065 0.000016867 27.079579539 1.616690835 -0.163659561 0.059701475 5.863444922
13.937842540 0.000017374 26.289273029 1.616690835 0.855388100 0.061496217 9.939956734
0.714282812 0.000017442 26.186846330 1.616690835 1.204536328 0.061736752 3.569206915
14.201852422 0.000017643 25.887937729 1.616690835 -2.167667294 0.062449580 10.368466862
12.926790340 0.000017652 25.875479643 1.616690835 -2.998465620 0.062479647 7.789278531
0.256612455 0.000016842 27.119748130 1.616690835 -0.590659901 0.059613048 3.059710684
9.123091590 0.000017574 25.989890405 1.616690835 0.139364204 0.062204604 5.865915715
7.362188621 0.000013689 33.366757670 1.616690835 3.039346012 0.048452141 11.869693276
0.137321787 0.000016789 27.204581541 1.616690835 1.299833312 0.059427153 2.966298330
0.079171118 0.000016522 27.645588114 1.616690835 -2.971499270 0.058479162 2.980328123
0.278350929 0.000016854 27.101023831 1.616690835 1.030433520 0.059654235 3.075103178
0.285350300 0.000017637 25.897455985 1.616690835 -1.816285858 0.062426627 2.939675752
0.065971681 0.000017866 25.565896552 1.616690835 2.701848600 0.063236227 2.747311444
7.543411612 0.000017868 25.562490192 1.616690835 -2.674699244 0.063244654 9.182718853
1.837551445 0.000017998 25.377340735 1.616690835 -1.416609819 0.063706077 6.231957761
12.985624207 0.000018014 25.355183781 1.616690835 -0.640388076 0.063761748 7.818590058
4.656549997 0.000018068 25.279258173 1.616690835 2.354506060 0.063953255 8.977303454
0.575170585 0.000018092 25.246345385 1.616690835 -2.561228302 0.064036628 3.177190075
22.078614871 0.000033799 13.513628663 1.616690835 -2.212496938 0.119634102 13.677690107
16.615626525 0.000022399 20.391569103 1.616690835 -1.323155761 0.079282316 11.895281067
16.328852975 0.000022945 19.906348853 1.616690835 -1.260486012 0.081214835 11.456195970
14.577119964 0.000018708 24.414480017 1.616690835 -0.708676756 0.066218524 11.509545654
22.107460328 0.000041491 11.008288833 1.616690835 3.070317372 0.146861230 11.360536529
15.293985408 0.000027068 16.874054312 1.616690835 -1.786469013 0.095809271 10.925840243
7.955131314 0.000019465 23.464886274 1.616690835 -0.141396692 0.068898303 10.032997602
19.761115279 0.000036853 12.393770280 1.616690835 1.833804366 0.130443828 9.749407414
